   1.2000000e+01
   3.2000000e+01
   3.3200000e+02
   3.3000000e+02
   1.1400000e+02
   1.6300000e+02
   1.7000000e+02
   2.6500000e+02
   3.1600000e+02
   3.7600000e+02
   3.2000000e+01
   5.2000000e+01
   8.0000000e+01
   9.1000000e+01
   2.6500000e+02
   2.2000000e+01
   4.7000000e+01
   8.2000000e+01
   1.6000000e+01
   1.8600000e+02
   1.5900000e+02
   1.4800000e+02
   3.3900000e+02
   2.9300000e+02
   5.3000000e+02
   5.5200000e+02
   3.9600000e+02
   4.5800000e+02
   3.9500000e+02
   8.1000000e+01
